MinimumBraggAngle:	0.709508
MaximumBraggAngle:	0.732234
